lfw_5590/Aaron_Eckhart_0001.jpg 84 161 92 169 106.250000 107.750000 146.750000 112.250000 125.250000 142.750000 105.250000 157.750000 139.750000 161.750000
lfw_5590/Aaron_Guiel_0001.jpg 85 172 93 181 100.250000 111.250000 145.750000 116.750000 124.250000 136.750000 92.750000 159.750000 138.750000 163.750000
lfw_5590/Aaron_Peirsol_0001.jpg 88 173 94 179 106.750000 113.250000 146.750000 113.250000 129.250000 139.750000 108.250000 153.250000 146.750000 152.750000
lfw_5590/Aaron_Pena_0001.jpg 67 176 83 192 101.750000 116.750000 145.250000 103.750000 125.250000 136.750000 119.750000 163.750000 146.250000 155.750000
lfw_5590/Aaron_Sorkin_0001.jpg 73 164 86 178 101.250000 112.250000 143.750000 111.750000 129.750000 137.750000 99.250000 155.250000 142.250000 154.750000
lfw_5590/Aaron_Tippin_0001.jpg 77 165 90 177 103.750000 111.750000 141.750000 111.250000 129.250000 133.750000 110.750000 156.250000 134.750000 155.250000
lfw_5590/Abba_Eban_0001.jpg 80 164 90 175 105.750000 113.750000 145.750000 110.250000 133.750000 136.250000 107.750000 156.250000 148.750000 155.250000
lfw_5590/Abdel_Aziz_Al-Hakim_0001.jpg 86 169 90 173 110.750000 110.250000 148.250000 113.750000 136.750000 133.250000 111.750000 152.250000 141.750000 154.250000
lfw_5590/Abdel_Nasser_Assidi_0001.jpg 80 167 87 174 103.750000 112.250000 148.250000 115.250000 124.250000 134.250000 106.750000 155.750000 136.250000 159.250000
lfw_5590/Abdulaziz_Kamilov_0001.jpg 76 162 90 177 108.250000 110.250000 146.750000 116.250000 128.750000 137.750000 104.250000 152.750000 133.250000 158.250000
lfw_5590/Abdullah_0001.jpg 80 163 92 175 106.250000 112.750000 148.250000 113.250000 126.750000 132.250000 110.250000 155.250000 137.750000 155.750000
lfw_5590/Abdullah_al-Attiyah_0001.jpg 72 164 90 182 98.750000 112.750000 138.250000 106.750000 112.750000 132.750000 111.750000 158.250000 140.250000 151.750000
lfw_5590/Abdullah_Gul_0001.jpg 80 166 90 176 107.750000 109.750000 146.250000 116.250000 118.250000 133.250000 108.750000 155.750000 136.750000 161.250000
lfw_5590/Abdullatif_Sener_0001.jpg 89 182 87 180 104.750000 117.750000 147.250000 114.750000 120.250000 139.750000 115.250000 164.250000 142.750000 163.250000
lfw_5590/Abdul_Majeed_Shobokshi_0001.jpg 75 167 89 181 113.750000 116.250000 143.750000 110.750000 136.750000 146.250000 108.750000 158.250000 130.250000 156.250000
lfw_5590/Abel_Aguilar_0001.jpg 82 166 93 177 105.750000 115.750000 146.750000 117.750000 127.250000 138.750000 109.750000 159.250000 137.750000 159.750000
lfw_5590/Abner_Martinez_0001.jpg 85 166 89 169 105.250000 115.250000 141.250000 108.750000 125.750000 132.250000 109.250000 149.750000 150.250000 142.250000
lfw_5590/Adam_Ant_0001.jpg 81 167 92 178 104.750000 113.250000 147.250000 111.750000 123.250000 141.750000 110.250000 161.750000 142.250000 160.250000
lfw_5590/Adam_Herbert_0001.jpg 83 165 91 172 105.250000 115.250000 143.750000 111.750000 129.250000 137.250000 112.750000 157.250000 144.250000 152.750000
lfw_5590/Adam_Mair_0001.jpg 83 165 91 172 108.750000 110.750000 147.250000 108.750000 129.250000 140.750000 113.250000 155.750000 142.750000 152.750000
