0--Parade/0_Parade_marchingband_1_849.jpg
1
449 330 122 149 0 0 0 0 0 0 
0--Parade/0_Parade_Parade_0_904.jpg
1
361 98 263 339 0 0 0 0 0 0 
0--Parade/0_Parade_marchingband_1_799.jpg
21
78 221 7 8 2 0 0 0 0 0 
78 238 14 17 2 0 0 0 0 0 
113 212 11 15 2 0 0 0 0 0 
134 260 15 15 2 0 0 0 0 0 
163 250 14 17 2 0 0 0 0 0 
201 218 10 12 2 0 0 0 0 0 
182 266 15 17 2 0 0 0 0 0 
245 279 18 15 2 0 0 0 0 0 
304 265 16 17 2 0 0 0 2 1 
328 295 16 20 2 0 0 0 0 0 
389 281 17 19 2 0 0 0 2 0 
406 293 21 21 2 0 1 0 0 0 
436 290 22 17 2 0 0 0 0 0 
522 328 21 18 2 0 1 0 0 0 
643 320 23 22 2 0 0 0 0 0 
653 224 17 25 2 0 0 0 0 0 
793 337 23 30 2 0 0 0 0 0 
535 311 16 17 2 0 0 0 1 0 
29 220 11 15 2 0 0 0 0 0 
3 232 11 15 2 0 0 0 2 0 
20 215 12 16 2 0 0 0 2 0 
0--Parade/0_Parade_marchingband_1_117.jpg
9
69 359 50 36 1 0 0 0 0 1 
227 382 56 43 1 0 1 0 0 1 
296 305 44 26 1 0 0 0 0 1 
353 280 40 36 2 0 0 0 2 1 
885 377 63 41 1 0 0 0 0 1 
819 391 34 43 2 0 0 0 1 0 
727 342 37 31 2 0 0 0 0 1 
598 246 33 29 2 0 0 0 0 1 
740 308 45 33 1 0 0 0 2 1 
0--Parade/0_Parade_marchingband_1_778.jpg
35
27 226 33 36 1 0 0 0 2 0 
63 95 16 19 2 0 0 0 0 0 
64 63 17 18 2 0 0 0 0 0 
88 13 16 15 2 0 0 0 1 0 
231 1 13 13 2 0 0 0 1 0 
263 122 14 20 2 0 0 0 0 0 
367 68 15 23 2 0 0 0 0 0 
198 98 15 18 2 0 0 0 0 0 
293 161 52 59 1 0 0 0 1 0 
412 36 14 20 2 0 0 0 1 0 
441 23 17 13 2 0 0 0 0 0 
475 40 14 21 2 0 0 0 0 0 
510 23 14 17 2 0 0 0 1 0 
576 30 16 15 2 0 0 0 0 0 
577 71 16 21 2 0 0 0 0 0 
595 94 16 20 2 0 0 0 0 0 
570 126 13 16 2 0 0 0 0 0 
645 171 52 58 1 0 1 0 2 0 
719 98 11 15 2 0 0 0 0 0 
791 154 54 49 1 0 0 0 2 0 
884 97 16 21 2 0 0 0 0 0 
898 48 15 21 2 0 0 0 0 0 
945 89 15 20 2 0 0 0 0 0 
922 38 15 16 2 0 0 0 1 0 
743 71 11 18 2 0 0 0 0 0 
841 18 16 16 2 0 0 0 2 0 
980 56 13 20 2 0 0 0 0 0 
1001 107 14 13 2 0 0 0 0 0 
488 2 12 18 2 0 0 0 0 0 
586 1 15 17 2 0 0 0 0 0 
669 1 12 15 2 0 0 0 0 0 
744 2 18 15 2 0 0 0 0 0 
803 3 18 17 2 0 0 0 0 0 
294 2 11 10 0 0 0 0 0 0 
203 0 13 14 2 0 0 0 1 0 
0--Parade/0_Parade_Parade_0_343.jpg
18
134 580 12 14 2 0 0 0 1 0 
55 581 5 10 2 0 1 0 2 0 
108 551 14 25 2 0 0 0 1 0 
135 540 5 7 0 0 0 1 0 0 
1005 554 15 22 2 0 0 0 0 0 
989 592 16 21 2 0 0 0 0 0 
961 555 13 19 2 0 0 0 2 0 
946 568 15 21 2 0 0 0 1 0 
922 555 15 19 2 0 0 0 0 0 
900 583 12 17 2 0 0 0 2 0 
897 569 12 13 2 0 0 0 0 0 
829 581 15 21 2 0 0 0 2 0 
812 575 12 19 2 0 0 0 2 0 
824 564 9 13 2 0 0 0 0 0 
855 578 10 13 2 0 1 0 2 0 
985 663 15 21 2 0 0 0 2 0 
587 574 7 12 2 0 0 0 1 0 
333 386 11 16 2 0 0 0 2 0 
0--Parade/0_Parade_marchingband_1_205.jpg
65
60 56 19 19 2 0 1 0 1 0 
39 2 17 21 2 0 1 0 0 0 
90 19 16 22 2 0 0 0 0 0 
144 16 17 21 2 0 1 0 0 0 
118 30 15 17 0 0 0 0 0 0 
202 16 19 20 2 0 1 0 0 0 
163 53 14 19 2 0 0 0 0 0 
98 53 15 26 2 0 0 0 1 0 
9 85 13 21 2 0 0 0 0 0 
59 116 17 23 2 0 1 0 0 0 
45 161 14 21 2 0 1 0 0 0 
18 248 30 31 1 0 1 0 0 0 
115 237 24 28 1 0 1 0 1 0 
211 239 21 27 2 0 0 0 2 0 
308 259 25 26 1 0 1 0 1 0 
403 206 30 36 1 0 1 0 0 0 
261 142 19 23 2 0 1 0 0 0 
283 152 18 19 2 0 0 0 0 0 
353 160 17 24 2 0 1 0 0 0 
238 37 12 19 2 0 1 0 0 0 
251 28 20 19 2 0 0 0 1 1 
266 57 14 19 2 0 1 0 0 0 
357 80 14 21 2 0 1 0 1 0 
489 113 20 23 2 0 1 0 0 0 
545 122 17 26 2 0 0 0 0 0 
512 74 18 21 2 0 0 0 0 0 
544 75 17 25 2 0 0 0 2 0 
545 49 17 18 2 0 0 0 0 0 
562 67 21 29 2 0 0 0 2 0 
465 69 18 26 2 0 1 0 0 0 
503 37 18 20 2 0 1 0 0 0 
596 53 17 18 2 0 1 0 0 0 
574 138 15 22 2 0 0 0 0 1 
555 165 13 21 2 0 0 0 0 0 
497 256 29 28 1 0 1 0 1 0 
581 239 27 28 1 0 1 0 1 0 
707 167 40 43 1 0 1 0 1 0 
654 140 18 24 2 0 0 0 0 0 
533 3 16 17 2 0 0 0 0 0 
596 21 17 19 2 0 0 0 0 0 
684 47 15 20 2 0 0 0 2 0 
665 41 14 18 2 0 0 0 0 0 
660 6 14 21 2 0 1 0 0 0 
747 10 18 23 2 0 1 0 0 0 
795 18 15 20 2 0 0 0 1 0 
814 16 17 25 2 0 0 0 0 0 
850 40 20 23 2 0 1 0 0 0 
807 59 17 25 0 0 0 0 0 0 
739 54 18 24 2 0 0 0 2 0 
832 118 21 23 2 0 1 0 0 0 
867 108 16 24 2 0 0 0 0 0 
798 222 33 38 1 0 1 0 0 0 
870 236 29 31 0 0 1 0 0 0 
911 224 16 22 2 0 0 0 1 0 
991 143 20 22 2 0 1 0 1 0 
941 89 17 21 2 0 1 0 1 0 
917 25 22 28 2 0 1 0 0 0 
1000 25 17 20 2 0 0 0 1 0 
932 59 17 24 2 0 1 0 0 0 
759 35 15 23 2 0 0 0 1 0 
759 128 17 25 2 0 0 0 2 0 
347 22 17 19 2 0 0 0 2 0 
26 42 15 22 0 0 0 0 0 0 
47 24 16 22 2 0 0 0 1 0 
328 220 22 24 2 0 0 0 2 0 
0--Parade/0_Parade_Parade_0_106.jpg
40
9 260 18 23 1 0 0 0 0 0 
61 248 24 29 0 0 0 0 0 0 
56 315 26 32 0 0 1 0 0 0 
91 318 22 29 0 0 0 0 0 0 
120 283 27 34 0 1 0 0 0 0 
139 314 29 30 0 1 0 0 0 0 
192 290 25 34 0 0 0 0 0 0 
231 303 29 38 0 0 0 0 0 0 
90 258 12 18 1 0 0 0 0 0 
100 269 17 22 1 0 0 0 0 0 
126 259 20 23 0 0 0 0 0 0 
160 236 22 29 0 0 0 0 0 0 
194 230 23 32 0 0 0 0 0 0 
231 234 21 29 0 0 0 0 0 0 
1 359 12 29 1 0 0 0 1 0 
306 236 28 30 1 0 0 0 1 0 
303 247 17 22 1 0 0 0 2 0 
341 285 30 39 0 0 0 0 0 0 
377 330 20 30 0 0 0 0 0 1 
415 210 30 41 0 0 0 0 0 0 
471 202 28 36 0 0 0 0 2 0 
498 231 26 37 0 0 0 0 0 0 
509 271 28 37 0 0 0 0 0 0 
521 230 23 25 1 0 0 0 0 0 
679 260 37 47 0 0 0 0 0 0 
728 215 38 42 0 0 0 0 0 0 
717 361 36 42 0 0 0 0 0 0 
764 229 22 31 1 0 0 0 2 0 
783 202 28 35 0 0 0 0 0 0 
823 250 25 28 1 0 0 0 0 0 
537 268 26 43 0 0 0 0 0 1 
844 200 33 51 0 0 0 0 0 0 
911 155 41 53 0 0 0 0 0 0 
820 376 35 44 0 0 0 0 0 0 
905 342 32 44 0 0 0 0 0 0 
959 363 33 49 0 0 0 0 0 0 
999 197 25 51 0 0 0 0 2 0 
548 228 15 22 1 0 0 0 2 0 
179 239 17 25 1 0 0 0 2 0 
659 307 14 18 1 0 0 0 2 0 
0--Parade/0_Parade_Parade_0_476.jpg
35
566 158 22 17 2 0 0 0 2 0 
663 118 24 28 2 0 0 0 2 0 
743 124 24 27 2 0 0 0 2 0 
831 154 23 20 2 0 0 0 2 0 
573 352 24 19 2 0 0 0 2 0 
875 371 24 16 2 0 0 0 0 0 
901 395 26 19 2 0 0 0 2 1 
78 524 13 15 2 0 0 0 0 0 
122 512 13 17 2 0 0 0 0 0 
128 536 13 28 2 0 0 0 1 0 
223 576 16 29 1 0 0 0 1 0 
294 616 29 35 1 0 0 0 1 0 
370 620 20 39 2 0 0 0 1 0 
385 665 23 48 2 0 0 0 0 0 
168 632 31 35 1 0 1 0 0 0 
81 623 22 26 2 0 1 0 2 0 
21 623 23 28 2 0 0 0 2 0 
352 763 37 54 1 0 0 0 2 0 
291 712 36 50 2 0 0 0 2 0 
499 605 28 47 2 0 0 0 2 0 
426 578 22 24 1 0 1 0 0 1 
459 557 14 21 2 0 0 0 2 0 
472 548 17 21 2 0 0 0 2 0 
573 616 18 26 2 0 0 0 0 0 
541 599 29 48 2 0 0 0 2 0 
275 597 16 38 2 0 0 0 0 1 
293 494 7 11 2 0 0 0 2 0 
193 522 14 22 2 0 0 0 2 0 
194 540 10 19 2 0 0 0 2 0 
622 763 27 42 2 0 1 0 2 0 
896 502 36 39 1 0 0 0 0 0 
951 491 25 32 1 0 0 0 0 0 
703 493 33 34 1 0 0 0 0 0 
628 488 29 31 1 0 0 0 0 0 
698 724 27 44 2 0 0 0 1 0 
0--Parade/0_Parade_marchingband_1_12.jpg
18
575 158 48 57 1 0 0 0 0 0 
355 154 48 61 1 0 0 0 0 0 
108 167 45 57 2 0 0 0 0 0 
494 192 29 35 2 0 0 0 0 0 
873 138 52 54 1 0 0 0 0 0 
687 183 33 37 2 0 0 0 0 0 
308 185 30 34 2 0 0 0 0 0 
268 168 19 29 2 0 0 0 2 0 
18 170 18 23 2 0 0 0 1 0 
171 181 13 21 2 0 0 0 2 0 
191 186 13 20 2 0 0 0 2 0 
644 183 17 20 2 0 0 0 2 0 
985 172 19 22 2 0 0 0 2 0 
829 161 16 21 2 0 0 0 2 0 
62 198 11 15 2 0 0 0 0 0 
462 179 13 15 2 0 0 0 1 0 
528 182 22 21 2 0 0 0 2 0 
718 177 16 15 2 0 0 0 2 0 
0--Parade/0_Parade_marchingband_1_273.jpg
6
178 238 55 73 2 0 0 0 1 0 
248 235 59 73 2 0 0 0 2 0 
363 157 59 73 2 0 0 0 1 0 
468 153 53 72 2 0 0 0 2 0 
629 110 56 81 2 0 0 0 1 0 
745 138 55 77 2 0 0 0 2 0 
0--Parade/0_Parade_marchingband_1_928.jpg
12
27 437 17 20 2 0 0 0 2 0 
93 437 25 27 1 0 0 0 0 0 
150 430 18 18 2 0 0 0 0 0 
253 395 23 33 1 0 0 0 0 0 
300 385 19 28 2 0 0 0 0 0 
335 263 53 77 1 1 0 0 0 0 
447 289 42 71 1 1 0 0 0 0 
513 227 67 89 1 0 0 0 0 0 
742 307 33 59 1 1 0 0 0 0 
822 364 17 23 1 0 0 0 1 0 
892 328 25 34 1 0 0 0 1 0 
953 352 21 27 1 0 0 0 0 0 
0--Parade/0_Parade_Parade_0_337.jpg
25
430 175 23 30 1 0 1 0 0 0 
492 162 19 27 1 0 1 0 0 0 
517 178 27 35 1 0 1 0 0 0 
557 171 23 33 1 0 1 0 0 0 
572 147 23 29 1 0 0 0 1 0 
596 211 27 35 1 0 0 0 0 0 
649 183 26 30 1 0 0 0 0 0 
673 186 28 30 1 0 0 0 0 1 
766 121 32 39 1 0 0 0 0 0 
819 249 36 43 1 0 0 0 1 0 
503 402 34 38 1 0 0 0 0 0 
427 381 37 36 1 0 0 0 0 0 
358 366 32 38 1 0 0 0 0 0 
318 354 24 34 1 0 1 0 0 0 
265 354 28 35 1 0 0 0 0 0 
226 357 25 28 1 0 1 0 0 0 
199 348 24 23 2 0 1 0 1 0 
146 350 24 29 1 0 0 0 0 0 
465 398 20 24 2 0 1 0 2 0 
117 313 5 9 2 0 1 0 1 0 
98 317 5 7 2 0 0 0 2 0 
109 314 4 5 2 0 0 1 2 0 
6 289 6 8 2 0 1 0 2 0 
65 312 5 7 2 0 1 0 2 0 
153 317 4 4 2 0 0 0 2 0 
0--Parade/0_Parade_marchingband_1_579.jpg
121
167 301 10 9 2 0 0 0 0 0 
207 291 10 13 2 0 0 0 0 0 
256 293 10 12 2 0 0 0 0 0 
134 301 9 12 2 0 0 0 0 0 
125 332 10 12 2 0 0 0 0 0 
148 330 9 13 2 0 0 0 0 0 
173 347 8 13 2 0 0 0 0 0 
196 340 10 12 2 0 0 0 0 0 
216 341 9 12 2 0 0 0 0 0 
239 336 8 11 2 0 0 0 0 0 
261 337 9 10 2 0 0 0 0 0 
135 381 9 12 2 0 0 0 0 0 
158 383 9 12 2 0 0 0 0 0 
187 379 10 13 2 0 0 0 0 0 
208 379 10 13 2 0 0 0 0 0 
235 381 8 13 2 0 0 0 0 0 
86 360 8 14 2 0 0 0 0 0 
60 389 9 11 2 0 0 0 0 0 
87 383 10 14 2 0 0 0 0 0 
111 382 9 12 2 0 0 0 0 0 
80 406 10 13 2 0 0 0 0 0 
117 408 9 14 2 0 0 0 0 0 
165 413 11 13 2 0 1 0 0 0 
332 260 9 11 2 0 0 0 0 0 
371 269 8 11 2 0 1 0 0 0 
284 291 10 13 2 0 0 0 0 0 
754 289 8 11 2 0 0 0 0 0 
720 401 12 15 2 0 0 0 0 0 
754 401 9 14 2 0 0 0 0 0 
783 406 9 12 2 0 0 0 0 0 
858 297 10 12 2 0 0 0 0 0 
869 320 10 12 2 0 0 0 0 0 
846 338 8 11 2 0 0 0 0 0 
900 332 10 14 2 0 0 0 0 0 
844 378 9 12 2 0 0 0 0 0 
867 380 9 13 2 0 0 0 0 0 
896 377 9 12 2 0 0 0 0 0 
922 385 10 14 2 0 0 0 0 0 
947 384 11 13 2 0 0 0 0 0 
855 402 11 13 2 0 0 0 0 0 
823 420 9 11 2 0 0 0 0 0 
884 406 10 16 2 0 0 0 0 0 
915 409 9 13 2 0 0 0 0 0 
948 407 9 15 2 0 0 0 0 0 
507 125 12 19 2 0 0 0 0 0 
343 288 10 12 2 0 0 0 0 0 
374 287 8 11 2 0 0 0 0 0 
409 286 9 12 2 0 0 0 0 0 
297 335 8 12 2 0 1 0 0 0 
336 333 8 11 2 0 0 0 0 0 
362 336 9 12 2 0 0 0 0 0 
392 335 9 12 2 0 0 0 0 0 
418 331 8 11 2 0 0 0 0 0 
298 380 9 12 2 0 0 0 0 0 
328 377 7 11 2 0 0 0 0 0 
352 376 9 11 2 0 0 0 0 0 
381 378 9 13 2 0 0 0 0 0 
410 377 10 12 2 0 0 0 0 0 
269 379 9 11 2 0 0 0 0 0 
239 402 10 14 2 0 0 0 0 0 
201 415 9 12 2 0 0 0 0 0 
279 411 10 13 2 0 0 0 0 0 
306 413 8 11 2 0 0 0 0 0 
337 400 10 15 2 0 0 0 0 0 
431 255 9 13 2 0 0 0 0 0 
506 262 10 12 2 0 0 0 0 0 
447 287 9 11 2 0 0 0 0 0 
489 281 10 13 2 0 0 0 0 0 
524 284 9 11 2 0 0 0 0 0 
561 284 11 14 2 0 0 0 0 0 
443 334 10 12 2 0 0 0 0 0 
473 328 8 14 2 0 0 0 0 0 
506 329 8 12 2 0 0 0 0 0 
541 329 9 13 2 0 0 0 0 0 
565 332 9 13 2 0 0 0 0 0 
793 291 9 12 2 0 0 0 0 0 
829 293 10 12 2 0 0 0 0 0 
727 334 10 12 2 0 0 0 0 0 
751 334 10 12 2 0 0 0 0 0 
771 336 9 13 2 0 0 0 0 0 
795 338 8 12 2 0 0 0 0 0 
823 337 9 13 2 0 0 0 0 0 
700 377 9 12 2 0 0 0 0 0 
724 378 9 11 2 0 0 0 0 0 
751 378 12 14 2 0 0 0 0 0 
780 379 9 11 2 0 0 0 0 0 
803 379 9 12 2 0 0 0 0 0 
824 380 7 12 2 0 1 0 0 0 
647 401 10 14 2 0 0 0 0 0 
685 402 10 13 2 0 0 0 0 0 
314 289 10 13 2 0 0 0 0 0 
434 375 8 11 2 0 0 0 0 0 
461 376 9 12 2 0 0 0 0 0 
488 375 9 13 2 0 1 0 0 0 
527 374 9 13 2 0 0 0 0 0 
550 374 9 12 2 0 0 0 0 0 
373 406 8 14 2 0 0 0 0 0 
402 408 9 14 2 0 0 0 0 0 
439 408 9 15 2 0 0 0 0 0 
475 406 9 14 2 0 0 0 0 0 
506 405 9 14 2 0 0 0 0 0 
537 402 11 14 2 0 0 0 0 0 
577 375 10 12 2 0 0 0 0 0 
574 400 11 15 2 0 0 0 0 0 
605 375 10 12 2 0 0 0 0 0 
612 406 8 11 2 0 0 0 0 0 
632 375 9 12 2 0 0 0 0 0 
574 263 8 10 2 0 0 0 0 0 
618 264 6 11 2 0 0 0 1 0 
595 285 8 10 2 0 0 0 0 0 
633 285 9 13 2 0 0 0 0 0 
665 288 9 11 2 0 0 0 0 0 
680 265 8 13 2 0 0 0 0 0 
592 329 9 12 2 0 0 0 0 0 
615 334 9 10 2 0 0 0 0 0 
651 332 10 12 2 0 0 0 0 0 
691 331 8 12 2 0 0 0 0 0 
673 376 9 12 2 0 0 0 0 0 
717 256 8 12 2 0 0 0 0 0 
706 286 9 13 2 0 0 0 0 0 
735 288 9 12 2 0 0 0 0 0 
0--Parade/0_Parade_Parade_0_90.jpg
25
35 34 31 39 0 0 0 0 0 0 
126 65 30 40 0 0 0 0 0 0 
164 81 27 34 1 0 0 0 0 0 
199 59 25 33 1 0 0 0 0 0 
239 65 31 33 1 0 0 0 0 0 
274 11 20 21 1 0 0 0 1 0 
311 27 15 21 2 0 0 0 1 0 
215 12 15 17 2 0 0 0 0 0 
396 90 29 38 1 0 0 0 0 1 
481 100 8 12 2 0 0 0 0 0 
504 107 7 9 2 0 1 0 0 0 
525 99 7 10 2 0 0 0 0 0 
438 100 6 11 2 0 0 0 1 0 
58 458 25 35 0 0 0 0 0 0 
22 478 19 23 1 0 0 0 1 0 
155 477 10 14 2 0 0 0 0 0 
178 470 31 36 1 0 0 0 2 0 
233 484 12 14 1 0 0 0 0 0 
228 475 8 9 2 0 0 1 2 1 
326 494 16 19 1 0 0 0 1 0 
439 470 16 27 1 0 0 0 0 1 
433 490 7 11 2 0 0 0 0 0 
860 445 19 31 1 0 0 0 0 1 
922 422 23 40 1 0 0 0 0 1 
654 442 49 57 1 0 0 0 1 0 
0--Parade/0_Parade_marchingband_1_300.jpg
20
73 280 18 25 2 0 0 0 0 0 
184 278 18 18 2 0 0 0 1 0 
215 265 13 16 2 0 0 0 1 0 
226 278 20 23 2 0 0 0 0 0 
325 263 17 19 2 0 0 0 0 0 
353 248 22 23 2 0 0 0 0 0 
347 278 17 25 2 0 0 0 0 0 
497 254 22 23 2 0 1 0 0 0 
504 232 20 19 2 0 0 0 2 0 
546 262 20 24 2 0 0 0 0 0 
576 228 23 32 2 0 0 0 0 0 
646 244 15 18 2 0 0 0 0 0 
670 250 18 23 2 0 1 0 0 0 
683 249 21 32 1 0 0 0 0 0 
715 244 18 31 2 0 0 0 2 0 
762 250 11 14 2 0 0 0 0 0 
853 265 16 22 2 0 0 0 0 0 
863 240 30 44 1 0 1 0 0 0 
907 213 23 30 1 0 1 0 0 0 
923 246 24 36 2 0 1 0 1 0 
0--Parade/0_Parade_Parade_0_782.jpg
30
1 70 44 57 1 0 1 0 0 0 
101 66 45 54 1 0 1 0 0 0 
219 70 37 56 1 0 1 0 0 0 
324 108 38 43 1 0 1 0 0 0 
342 84 40 53 1 0 1 0 0 0 
422 82 24 40 1 0 0 0 2 0 
440 85 44 56 1 0 0 0 0 0 
520 76 23 30 1 0 0 0 2 0 
519 49 13 16 2 0 0 0 0 0 
536 101 21 34 1 0 1 0 2 0 
479 26 17 15 2 0 0 0 1 0 
547 99 38 55 1 0 1 0 1 0 
557 84 46 60 1 0 1 0 0 0 
611 125 34 47 1 0 1 0 2 0 
656 106 40 47 1 0 1 0 0 0 
712 81 51 65 1 0 1 0 0 0 
771 102 36 49 1 0 1 0 2 0 
833 76 50 63 1 0 1 0 0 0 
916 88 44 54 1 0 1 0 1 0 
979 99 45 49 1 0 1 0 0 0 
631 20 8 13 2 0 0 0 1 0 
630 40 11 10 2 0 0 0 0 0 
647 54 12 14 2 0 0 0 1 0 
666 70 10 14 2 0 0 0 2 0 
670 41 8 13 2 0 0 0 0 0 
681 27 5 7 2 0 0 0 2 1 
701 66 12 13 2 0 0 0 1 0 
705 48 10 14 2 0 0 0 1 0 
823 67 11 11 2 0 0 0 2 0 
692 58 9 15 2 0 0 0 2 0 
0--Parade/0_Parade_Parade_0_449.jpg
22
986 232 20 39 1 0 0 0 0 0 
952 209 21 30 1 0 0 0 0 0 
892 170 28 40 1 0 0 0 0 0 
838 186 25 36 1 0 0 0 0 0 
786 159 30 41 1 0 0 0 0 0 
750 142 28 41 1 0 0 0 0 0 
694 132 27 33 1 0 0 0 2 0 
644 109 33 42 1 0 0 0 0 0 
511 79 32 46 1 0 0 0 2 0 
366 95 39 45 1 0 0 0 1 0 
279 92 39 33 1 0 0 0 0 0 
179 102 34 42 1 0 0 0 0 0 
110 123 30 36 1 0 0 0 0 0 
859 615 14 24 2 0 0 0 0 0 
8 692 20 29 1 0 0 0 2 1 
20 633 8 19 2 0 0 0 1 1 
31 643 9 19 2 0 0 0 2 0 
99 681 26 40 1 0 0 0 1 0 
145 647 19 21 2 0 0 0 0 0 
210 593 38 42 2 0 0 0 0 0 
361 561 31 38 1 0 0 0 1 0 
792 612 18 27 2 0 0 0 0 0 
0--Parade/0_Parade_Parade_0_325.jpg
418
26 10 7 11 2 0 0 0 2 0 
33 16 9 13 2 0 0 0 0 0 
39 7 8 9 2 0 0 0 1 0 
56 6 9 13 2 0 0 0 2 0 
68 19 7 10 2 0 0 0 1 0 
62 18 6 11 2 0 0 0 2 0 
18 26 6 16 2 0 0 0 2 0 
20 45 9 13 2 0 0 0 1 0 
27 65 15 17 2 0 0 0 0 0 
19 75 11 15 2 0 0 0 0 0 
68 49 9 9 2 0 0 0 2 0 
89 0 9 13 0 0 0 0 0 0 
109 33 12 16 2 0 0 0 0 0 
124 18 9 16 2 0 0 0 0 0 
148 26 9 14 2 0 0 0 0 0 
154 0 11 12 2 0 0 0 2 0 
171 5 6 14 2 0 0 0 2 0 
178 8 10 13 2 0 0 0 0 0 
195 2 8 11 2 0 0 0 2 0 
187 29 8 11 2 0 0 0 1 0 
188 18 8 11 2 0 0 0 0 0 
55 63 17 18 2 0 0 0 0 1 
74 56 13 15 2 0 0 0 0 1 
85 56 10 17 2 0 0 0 1 0 
80 71 9 13 0 0 0 0 0 0 
88 72 6 11 2 0 0 0 2 0 
79 85 8 13 2 0 0 0 0 0 
59 96 12 15 2 0 0 0 0 0 
33 84 10 14 2 0 0 0 0 0 
34 102 11 13 2 0 0 0 0 0 
26 113 13 16 2 0 0 0 0 0 
38 118 13 16 2 0 0 0 0 0 
23 143 11 12 2 0 0 0 2 0 
40 139 13 17 2 0 0 0 2 0 
54 116 10 17 2 0 0 0 2 0 
50 144 11 15 2 0 0 0 1 0 
51 160 12 15 2 0 0 0 1 0 
21 159 12 13 2 0 0 0 0 0 
36 192 14 15 2 0 0 0 0 0 
58 223 11 13 2 0 0 0 0 0 
69 224 8 8 2 0 0 1 2 0 
92 198 14 17 2 0 0 0 0 0 
101 192 12 14 2 0 0 0 1 0 
74 162 8 15 2 0 0 0 0 0 
108 148 13 16 2 0 0 0 0 0 
87 131 9 14 2 0 0 0 1 0 
91 109 11 16 2 0 0 0 0 0 
115 128 7 12 2 0 0 0 2 0 
137 147 13 14 2 0 0 0 1 0 
130 107 11 14 2 0 0 0 1 1 
125 45 10 15 2 0 0 0 0 0 
140 43 12 17 2 0 0 0 1 0 
148 50 6 10 2 0 0 0 0 0 
103 76 8 9 2 0 0 1 1 1 
143 71 10 17 2 0 0 0 1 0 
158 110 15 16 2 0 0 0 0 0 
183 76 10 14 2 0 0 0 0 0 
171 80 8 17 2 0 0 0 1 0 
182 141 11 14 2 0 0 0 0 0 
192 143 11 15 2 0 0 0 0 0 
202 136 12 15 2 0 0 0 0 0 
212 92 9 13 2 0 0 0 1 0 
175 57 9 12 2 0 0 0 0 0 
172 36 9 15 2 0 0 0 0 0 
220 40 10 16 2 0 0 0 0 0 
235 41 9 16 2 0 0 0 2 0 
246 42 9 11 2 0 0 0 2 0 
221 31 8 10 2 0 0 0 1 0 
212 20 9 12 2 0 0 0 0 0 
203 22 7 12 2 0 0 0 1 0 
211 8 8 10 2 0 0 0 2 0 
229 18 6 12 2 0 0 0 2 0 
232 67 9 14 2 0 0 0 2 0 
196 52 10 14 2 0 0 0 1 0 
250 2 11 14 2 0 0 0 2 0 
282 22 10 13 2 0 0 0 0 0 
285 36 8 14 2 0 0 0 0 0 
259 26 7 13 2 0 0 0 0 0 
296 37 8 13 2 0 0 0 1 0 
306 48 8 11 2 0 0 0 1 0 
292 13 8 11 2 0 0 0 2 0 
314 6 8 13 2 0 0 0 2 0 
353 5 6 11 2 0 0 0 2 0 
351 18 9 12 2 0 0 0 2 0 
366 19 9 17 2 0 0 0 2 0 
373 12 9 15 2 0 0 0 1 0 
386 16 10 15 2 0 0 0 2 0 
343 34 10 17 2 0 0 0 2 0 
384 43 9 14 2 0 0 0 2 0 
371 39 6 13 2 0 0 0 2 0 
392 34 10 15 2 0 0 0 2 0 
274 56 9 13 2 0 0 0 1 0 
290 61 9 12 2 0 0 0 2 0 
317 60 8 14 2 0 0 0 2 0 
317 41 9 14 2 0 0 0 1 0 
272 92 9 12 2 0 0 0 0 0 
308 73 9 14 2 0 0 0 1 0 
335 78 8 14 2 0 0 0 2 0 
323 73 8 14 2 0 0 0 2 0 
335 58 9 17 2 0 0 0 0 0 
388 63 9 15 2 0 0 0 1 0 
252 95 8 13 2 0 0 0 0 0 
262 94 8 13 2 0 0 0 0 0 
244 109 13 16 2 0 0 0 1 0 
248 127 14 19 0 0 0 0 0 0 
232 118 11 16 2 0 0 0 2 0 
281 111 9 17 2 0 0 0 1 0 
300 111 10 15 2 0 0 0 2 0 
197 108 12 10 0 0 0 0 0 0 
164 95 8 11 2 0 0 0 1 0 
171 133 11 14 2 0 0 0 0 1 
142 194 9 17 2 0 0 0 0 0 
137 217 12 17 2 0 0 0 0 0 
156 196 12 17 2 0 0 0 1 0 
158 217 12 16 2 0 0 0 0 0 
178 216 11 15 2 0 0 0 0 0 
209 208 14 17 2 0 0 0 0 0 
198 217 11 17 2 0 0 0 1 0 
140 240 11 13 0 0 0 0 0 0 
181 164 11 13 2 0 0 0 2 1 
202 176 12 17 2 0 0 0 1 0 
211 186 9 13 2 0 0 0 2 0 
213 165 11 14 2 0 0 0 1 0 
212 151 9 11 2 0 0 0 1 0 
246 164 12 17 2 0 0 0 0 0 
267 179 11 15 2 0 0 0 0 0 
256 174 11 15 2 0 0 0 1 0 
251 205 14 15 2 0 0 0 0 0 
228 211 13 15 2 0 0 0 1 0 
262 230 12 14 2 0 0 0 1 0 
280 231 15 18 2 0 0 0 0 0 
283 201 11 15 2 0 0 0 0 0 
299 196 13 16 2 0 0 0 1 0 
304 220 12 11 2 0 0 0 1 0 
230 231 11 15 2 0 0 0 0 0 
215 233 11 15 2 0 0 0 0 0 
293 134 9 16 2 0 0 0 0 0 
314 94 6 11 2 0 0 0 1 1 
304 99 8 10 2 0 0 0 2 0 
323 105 7 10 2 0 0 0 1 0 
379 63 7 11 2 0 0 0 2 0 
336 130 9 13 2 0 0 0 2 0 
335 113 7 11 2 0 0 0 2 0 
410 22 8 13 2 0 0 0 1 0 
444 24 10 14 2 0 0 0 2 0 
432 8 9 13 2 0 0 0 0 0 
459 6 9 14 2 0 0 0 0 0 
454 4 5 9 2 0 0 0 2 0 
484 9 6 8 2 0 0 0 0 0 
496 2 6 8 2 0 0 0 2 0 
467 32 8 10 2 0 0 0 2 0 
483 29 10 10 2 0 0 0 0 0 
496 20 8 12 2 0 0 0 1 1 
529 0 8 5 2 0 0 0 2 0 
537 6 8 10 2 0 0 0 1 0 
534 23 9 11 2 0 0 0 2 0 
542 19 9 12 2 0 0 0 0 0 
575 0 11 12 2 0 0 0 0 0 
605 7 8 12 2 0 0 0 0 0 
598 11 7 9 2 0 0 0 2 0 
590 1 6 10 2 0 0 0 2 0 
574 22 8 15 2 0 0 0 0 0 
557 27 11 14 2 0 0 0 2 0 
576 36 9 11 2 0 0 0 0 0 
594 39 10 15 2 0 0 0 0 0 
608 41 7 9 0 0 0 1 0 0 
620 25 11 10 2 0 0 0 0 0 
630 13 10 11 2 0 0 0 0 0 
629 39 11 16 2 0 0 0 1 0 
667 4 8 11 2 0 0 0 2 0 
659 30 8 11 2 0 0 0 1 0 
670 32 7 11 2 0 0 0 2 0 
658 65 10 13 2 0 0 0 0 0 
668 49 9 16 2 0 0 0 0 0 
631 57 8 14 2 0 0 0 2 0 
631 89 14 20 2 0 0 0 1 0 
660 98 7 13 2 0 0 0 1 0 
640 97 9 15 2 0 0 0 0 0 
668 115 7 9 2 0 0 0 2 0 
647 117 7 9 2 0 0 0 2 0 
653 114 7 9 2 0 0 0 2 0 
191 236 6 14 2 0 0 0 2 0 
171 247 11 17 2 0 0 0 1 0 
143 270 11 17 2 0 0 0 2 0 
202 257 9 15 2 0 0 0 2 0 
215 251 13 19 2 0 0 0 0 0 
241 259 15 13 2 0 0 0 0 0 
262 260 9 18 2 0 0 0 1 0 
308 258 10 15 2 0 0 0 0 0 
285 257 8 12 2 0 0 0 2 0 
320 238 8 11 2 0 0 0 2 0 
265 285 15 20 0 0 0 0 0 0 
260 292 9 16 2 0 0 0 1 0 
220 291 16 19 2 0 0 0 0 0 
197 282 13 15 2 0 0 0 0 0 
211 275 11 25 2 0 0 0 1 1 
235 279 13 18 2 0 0 0 1 0 
247 276 16 16 0 0 0 0 0 0 
164 277 12 16 2 0 0 0 2 0 
104 308 18 24 2 0 0 0 0 0 
67 314 16 20 2 0 0 0 0 0 
37 408 15 21 2 0 0 0 0 0 
29 435 15 19 2 0 0 0 1 0 
26 486 12 18 2 0 0 0 0 0 
161 310 14 19 2 0 0 0 2 0 
148 287 8 12 2 0 0 0 0 1 
187 319 13 16 2 0 0 0 0 0 
270 308 15 16 2 0 0 0 0 0 
306 294 13 17 2 0 0 0 2 0 
343 315 7 14 2 0 0 0 2 0 
355 315 14 17 2 0 0 0 0 0 
363 328 12 18 2 0 0 0 0 0 
381 317 6 9 2 0 0 0 2 0 
399 303 13 17 2 0 0 0 0 0 
393 287 16 17 2 0 0 0 2 0 
406 278 11 16 2 0 0 0 1 0 
416 310 14 17 2 1 0 0 1 0 
154 423 10 18 2 0 0 0 0 0 
157 437 8 14 2 0 0 0 2 0 
164 468 10 15 2 0 0 0 2 0 
209 462 16 20 2 0 0 0 0 0 
233 443 16 21 2 0 0 0 0 0 
185 435 9 18 2 0 0 0 2 0 
208 439 15 17 2 0 0 0 2 0 
237 478 13 19 2 0 0 0 0 0 
248 478 8 17 2 0 0 0 1 0 
280 476 12 14 2 0 0 0 0 0 
262 483 12 13 2 0 0 0 2 0 
309 485 12 18 2 0 0 0 0 0 
324 458 12 21 2 0 0 0 0 0 
337 428 10 12 2 0 1 0 0 1 
332 445 14 24 2 0 0 0 0 0 
370 444 12 24 2 0 0 0 0 0 
378 451 12 20 2 0 0 0 0 0 
400 479 13 16 2 0 0 0 1 0 
382 471 14 15 2 0 0 0 1 0 
420 487 14 16 2 0 0 0 1 0 
433 431 12 15 2 0 1 0 1 0 
463 333 12 12 2 0 0 0 0 1 
463 302 12 17 2 0 0 0 2 0 
556 308 12 17 2 0 0 0 0 0 
592 319 9 11 0 0 0 0 0 0 
476 443 11 16 2 0 0 0 1 0 
493 426 9 16 2 0 0 0 2 0 
497 458 11 19 2 0 0 0 0 0 
457 468 14 16 0 0 0 0 0 0 
470 488 15 17 2 0 0 0 2 0 
545 493 17 15 2 0 0 0 2 0 
546 445 15 21 2 0 0 0 0 1 
563 454 10 17 2 0 0 0 1 0 
576 417 8 10 2 0 0 0 1 0 
572 433 14 16 2 0 0 0 0 0 
583 442 11 16 2 0 0 0 2 0 
601 462 10 12 2 0 0 0 1 0 
630 434 14 17 2 0 0 0 1 0 
615 406 10 15 2 0 0 0 0 0 
622 474 16 20 2 0 0 0 0 0 
617 456 10 21 2 0 0 0 0 0 
647 468 11 19 2 0 0 0 0 0 
609 494 10 12 2 0 0 0 2 0 
669 475 17 13 2 0 0 0 1 0 
695 461 16 19 2 0 0 0 1 0 
696 427 15 23 2 0 0 0 0 0 
749 479 11 19 2 0 0 0 0 0 
759 462 16 19 2 0 0 0 0 0 
743 432 14 18 2 0 0 0 0 0 
747 414 15 18 2 0 0 0 0 1 
766 419 12 18 2 0 0 0 0 0 
801 493 12 19 2 0 0 0 0 0 
816 468 10 18 2 0 0 0 0 0 
822 446 13 18 2 0 0 0 1 0 
833 412 16 23 2 0 0 0 0 0 
851 477 9 20 2 0 0 0 1 0 
897 460 13 20 2 0 0 0 0 0 
882 498 15 14 2 0 0 0 1 0 
917 493 12 19 2 0 0 0 0 0 
877 451 10 15 2 0 0 0 0 0 
933 462 15 21 2 0 0 0 2 0 
954 473 13 17 2 0 0 0 0 0 
995 446 15 20 2 0 0 0 2 0 
1005 493 13 19 2 0 0 0 0 0 
998 497 13 15 2 0 0 0 1 0 
766 309 12 18 2 0 0 0 0 0 
781 310 12 19 2 0 0 0 0 0 
780 274 12 19 2 0 0 0 0 0 
726 290 14 20 2 0 0 0 0 0 
739 272 12 17 2 0 0 0 0 0 
716 277 16 16 2 0 0 0 0 0 
700 289 12 16 2 0 0 0 0 0 
685 293 13 17 2 0 0 0 0 0 
644 316 13 18 2 0 0 0 0 0 
678 271 13 19 2 0 0 0 0 0 
680 243 12 17 2 0 0 0 0 0 
725 253 13 18 2 0 0 0 1 1 
699 253 13 18 2 0 0 0 0 0 
695 234 10 13 2 0 0 0 0 0 
790 234 9 15 2 0 0 0 1 0 
767 236 9 12 2 0 0 0 0 0 
775 230 9 12 2 0 0 0 1 0 
719 235 9 12 2 0 0 0 1 0 
761 204 12 15 2 0 0 0 1 0 
697 220 10 14 2 0 0 0 1 1 
743 251 11 9 2 0 0 0 2 0 
753 260 15 15 2 0 0 0 2 1 
770 246 9 12 2 0 0 0 0 0 
746 208 10 13 2 0 0 0 1 0 
716 200 10 18 2 0 0 0 1 0 
754 183 14 15 2 0 0 0 0 0 
842 215 13 22 2 0 0 0 0 0 
814 192 13 17 2 0 0 0 0 0 
799 191 6 16 2 0 0 0 2 0 
805 190 9 19 2 0 0 0 2 0 
810 178 10 13 2 0 0 0 1 0 
914 200 10 16 2 0 0 0 1 0 
904 198 8 17 2 0 0 0 1 0 
863 187 13 18 2 0 0 0 0 0 
887 180 12 13 2 0 0 0 1 0 
829 168 12 14 2 0 0 0 1 0 
790 179 11 16 2 0 0 0 1 0 
803 167 10 14 2 0 0 0 1 0 
795 155 7 12 2 0 0 0 2 0 
698 163 11 11 2 0 0 0 2 1 
915 158 10 15 2 0 0 0 2 0 
892 158 9 15 2 0 0 0 1 0 
695 43 9 11 2 0 0 0 2 0 
707 32 7 11 2 0 0 0 2 0 
712 12 9 9 2 0 0 0 1 0 
733 25 10 15 2 0 0 0 0 0 
759 66 11 15 2 0 0 0 2 0 
780 43 8 12 2 0 0 0 1 0 
765 29 7 12 2 0 0 0 2 0 
771 10 8 14 2 0 0 0 1 0 
831 19 7 13 2 0 0 0 0 0 
822 7 10 15 2 0 0 0 2 0 
859 0 8 12 2 0 0 0 1 0 
884 34 10 14 2 0 0 0 1 0 
902 15 9 9 2 0 0 0 1 0 
886 6 8 11 2 0 0 0 2 0 
879 0 8 5 2 0 0 0 2 0 
898 3 7 11 2 0 0 0 1 0 
916 2 8 14 2 0 0 0 2 0 
905 4 4 8 2 0 0 0 2 0 
930 5 12 13 2 0 0 0 1 0 
950 16 6 12 2 0 0 0 1 0 
947 3 6 11 2 0 0 0 2 0 
969 0 7 11 2 0 0 0 2 0 
993 1 10 10 2 0 0 0 2 0 
1002 20 7 11 2 0 0 0 2 0 
1011 18 10 15 2 0 0 0 2 0 
992 23 8 12 2 0 0 0 2 0 
808 62 10 11 2 0 0 0 2 0 
828 45 8 13 2 0 0 0 1 0 
813 72 7 9 2 0 0 0 2 0 
796 82 11 11 2 0 0 0 2 0 
793 96 7 11 2 0 0 0 1 0 
803 102 10 9 2 0 0 0 2 0 
827 74 9 15 2 0 0 0 1 0 
840 80 8 13 2 0 0 0 1 0 
845 61 9 13 2 0 0 0 1 0 
873 29 8 11 2 0 0 0 0 0 
849 32 8 12 2 0 0 0 2 0 
852 23 6 7 2 0 0 1 2 0 
855 73 9 15 2 0 0 0 1 0 
877 78 12 14 2 0 0 0 0 0 
879 59 8 13 2 0 0 0 1 0 
917 41 8 13 2 0 0 0 1 0 
893 28 8 14 2 0 0 0 2 0 
946 41 13 16 2 0 0 0 2 0 
962 32 10 12 2 0 0 0 1 0 
1004 52 10 14 2 0 0 0 1 0 
995 57 8 13 2 0 0 0 1 0 
974 54 15 15 2 0 0 0 1 0 
954 60 8 11 2 0 0 0 2 0 
962 68 10 11 2 0 0 0 2 0 
932 77 11 14 2 0 0 0 1 0 
916 92 8 14 2 0 0 0 2 0 
917 84 9 8 2 0 0 0 2 0 
867 107 10 15 2 0 0 0 0 0 
874 97 9 9 2 0 0 1 2 1 
870 78 7 9 2 0 0 0 0 0 
824 122 9 12 2 0 0 0 1 0 
789 131 10 12 2 0 0 0 2 0 
784 111 10 15 2 0 0 0 2 0 
695 186 10 16 2 0 0 0 2 0 
815 147 8 10 2 0 0 0 2 0 
813 131 8 13 2 0 0 0 1 0 
843 146 9 15 2 0 0 0 2 0 
855 132 9 14 2 0 0 0 0 0 
863 147 7 10 2 0 0 0 2 0 
879 138 10 14 2 0 0 0 0 0 
879 115 12 17 2 0 0 0 0 0 
923 106 9 12 2 0 0 0 0 0 
950 106 9 13 2 0 0 0 0 0 
958 84 9 10 2 0 0 0 1 0 
980 106 11 16 2 0 0 0 1 1 
992 109 9 14 2 0 0 0 2 0 
991 96 13 9 2 0 0 0 2 0 
995 90 10 16 2 0 0 0 1 0 
1011 139 12 22 2 0 0 0 0 0 
957 129 8 13 2 0 0 0 2 0 
965 124 9 14 2 0 0 0 1 0 
938 125 9 14 2 0 0 0 1 0 
946 150 11 14 2 0 0 0 2 0 
956 168 10 14 2 0 0 0 0 0 
958 188 11 16 2 0 0 0 2 0 
950 200 14 15 2 0 0 0 2 0 
956 219 12 9 2 0 0 0 2 0 
975 192 13 21 2 0 0 0 1 0 
990 138 14 19 2 0 1 0 0 0 
1003 179 19 20 2 0 0 0 1 0 
995 220 16 9 2 0 0 0 2 0 
1011 208 10 14 2 0 0 0 2 0 
733 120 6 7 2 0 0 1 2 0 
720 138 7 11 2 0 0 0 1 0 
294 417 6 13 2 0 0 0 2 0 
69 482 11 20 2 0 0 0 1 1 
753 278 12 14 2 0 0 0 0 0 
799 65 6 8 2 0 0 0 2 0 
0--Parade/0_Parade_Parade_0_136.jpg
80
46 377 10 12 2 0 0 0 0 0 
91 403 9 11 2 0 0 0 0 0 
56 411 9 11 2 0 0 0 2 0 
118 387 11 13 2 0 0 0 0 0 
169 389 11 14 2 0 0 0 0 0 
152 380 8 10 2 0 0 0 1 0 
210 381 9 14 2 0 0 0 2 0 
32 364 11 13 2 0 0 0 0 0 
70 347 10 11 2 0 0 0 1 0 
115 324 10 11 2 0 0 0 0 0 
155 321 11 15 2 0 0 0 1 0 
188 328 10 11 2 0 0 0 0 0 
216 360 11 13 2 0 0 0 0 0 
208 338 9 11 2 0 0 0 0 0 
232 339 9 11 2 0 0 0 0 0 
284 335 10 11 2 0 0 0 0 0 
63 322 10 11 2 0 0 0 0 0 
47 324 9 10 2 0 0 0 2 0 
20 331 8 11 2 0 0 0 0 0 
7 295 8 9 2 0 0 0 1 0 
46 310 10 9 2 0 0 0 1 0 
33 310 8 9 2 0 1 0 0 0 
62 312 10 11 2 0 0 0 0 0 
75 312 11 10 2 0 0 0 0 1 
103 302 11 14 2 0 0 0 0 0 
123 305 8 11 2 0 0 0 1 0 
134 303 9 12 2 0 0 0 1 0 
96 240 5 8 2 0 0 0 1 0 
29 234 5 6 2 0 0 0 2 0 
206 313 8 10 2 0 0 0 1 0 
192 313 8 9 2 0 0 0 2 0 
153 311 8 7 2 0 0 1 1 0 
222 308 9 10 2 0 0 0 0 0 
228 321 7 9 2 0 0 0 1 0 
217 330 8 9 2 0 0 0 1 0 
269 299 8 12 2 0 0 0 2 0 
59 147 10 9 2 0 1 1 0 1 
36 328 6 10 2 0 0 1 2 0 
22 327 7 8 2 0 0 0 2 0 
0 333 8 12 2 0 0 0 1 1 
364 321 7 10 2 0 0 0 2 0 
443 298 9 7 2 0 0 0 1 0 
358 299 10 10 2 0 0 0 2 0 
351 300 5 8 2 0 0 0 1 0 
215 312 8 11 2 0 0 0 2 0 
490 302 11 16 2 0 0 0 0 0 
371 323 6 8 2 0 0 0 1 0 
672 351 14 20 2 0 0 0 0 0 
573 372 8 11 2 0 0 0 2 0 
561 310 8 9 2 0 0 0 1 0 
533 298 8 10 2 0 0 1 2 0 
561 292 6 8 2 0 0 0 2 0 
601 302 7 10 2 0 0 0 2 0 
589 317 8 9 2 0 0 1 1 0 
601 319 7 11 2 0 0 0 2 0 
545 317 7 7 2 0 0 1 2 0 
558 357 8 10 2 0 0 0 2 0 
536 374 7 10 2 0 0 0 2 0 
498 311 8 10 2 0 0 0 0 0 
682 272 11 18 2 0 0 0 1 0 
744 326 8 9 2 0 0 0 2 1 
608 303 9 8 2 0 0 0 1 1 
663 575 17 30 2 0 0 0 0 0 
853 561 19 23 2 0 0 0 0 1 
983 296 7 9 2 0 0 1 1 0 
936 331 7 8 2 0 0 0 2 0 
957 297 6 7 2 0 0 0 2 0 
969 300 5 6 2 0 0 0 2 0 
932 365 7 8 2 0 0 1 2 0 
905 370 8 10 2 0 0 1 2 1 
874 356 8 10 2 0 0 0 1 0 
1011 364 10 10 2 0 0 0 2 0 
1004 337 6 8 2 0 0 0 1 0 
970 362 6 7 2 0 0 0 1 0 
960 338 9 9 2 0 0 0 2 0 
965 314 7 8 2 0 0 0 2 0 
974 316 6 9 2 0 0 0 2 0 
940 312 7 7 2 0 0 1 2 0 
999 367 6 8 2 0 0 1 2 0 
353 377 8 8 2 0 0 0 1 0 
